 -------------------------
  0.6709E+00  0.4904E+00 -0.1161E+01 -0.3566E+00 -0.1875E+00  0.5441E+00
  0.4904E+00  0.5156E+00 -0.1006E+01 -0.1875E+00  0.0000E+00  0.1875E+00
 -0.1161E+01 -0.1006E+01  0.2167E+01  0.5441E+00  0.1875E+00 -0.7316E+00
 -0.3566E+00 -0.1875E+00  0.5441E+00  0.7691E+00  0.1635E+00 -0.9326E+00
 -0.1875E+00  0.0000E+00  0.1875E+00  0.1635E+00  0.1719E+00 -0.3353E+00
  0.5441E+00  0.1875E+00 -0.7316E+00 -0.9326E+00 -0.3353E+00  0.1268E+01
 
 -------------------------
  0.7055E+00  0.4904E+00 -0.1196E+01 -0.3750E+00 -0.1875E+00  0.5625E+00
  0.4904E+00  0.4904E+00 -0.9808E+00 -0.1875E+00  0.0000E+00  0.1875E+00
 -0.1196E+01 -0.9808E+00  0.2177E+01  0.5625E+00  0.1875E+00 -0.7500E+00
 -0.3750E+00 -0.1875E+00  0.5625E+00  0.8087E+00  0.1635E+00 -0.9721E+00
 -0.1875E+00  0.0000E+00  0.1875E+00  0.1635E+00  0.1635E+00 -0.3269E+00
  0.5625E+00  0.1875E+00 -0.7500E+00 -0.9721E+00 -0.3269E+00  0.1299E+01
 
 -------------------------
  0.7437E+00  0.4904E+00 -0.1234E+01 -0.3953E+00 -0.1875E+00  0.5828E+00
  0.4904E+00  0.4651E+00 -0.9555E+00 -0.1875E+00  0.0000E+00  0.1875E+00
 -0.1234E+01 -0.9555E+00  0.2190E+01  0.5828E+00  0.1875E+00 -0.7703E+00
 -0.3953E+00 -0.1875E+00  0.5828E+00  0.8526E+00  0.1635E+00 -0.1016E+01
 -0.1875E+00  0.0000E+00  0.1875E+00  0.1635E+00  0.1550E+00 -0.3185E+00
  0.5828E+00  0.1875E+00 -0.7703E+00 -0.1016E+01 -0.3185E+00  0.1335E+01
 
 -------------------------
  0.7864E+00  0.4904E+00 -0.1277E+01 -0.4180E+00 -0.1875E+00  0.6055E+00
  0.4904E+00  0.4399E+00 -0.9303E+00 -0.1875E+00  0.0000E+00  0.1875E+00
 -0.1277E+01 -0.9303E+00  0.2207E+01  0.6055E+00  0.1875E+00 -0.7930E+00
 -0.4180E+00 -0.1875E+00  0.6055E+00  0.9015E+00  0.1635E+00 -0.1065E+01
 -0.1875E+00  0.0000E+00  0.1875E+00  0.1635E+00  0.1466E+00 -0.3101E+00
  0.6055E+00  0.1875E+00 -0.7930E+00 -0.1065E+01 -0.3101E+00  0.1375E+01
 
 -------------------------
  0.8343E+00  0.4904E+00 -0.1325E+01 -0.4435E+00 -0.1875E+00  0.6310E+00
  0.4904E+00  0.4147E+00 -0.9050E+00 -0.1875E+00  0.0000E+00  0.1875E+00
 -0.1325E+01 -0.9050E+00  0.2230E+01  0.6310E+00  0.1875E+00 -0.8185E+00
 -0.4435E+00 -0.1875E+00  0.6310E+00  0.9564E+00  0.1635E+00 -0.1120E+01
 -0.1875E+00  0.0000E+00  0.1875E+00  0.1635E+00  0.1382E+00 -0.3017E+00
  0.6310E+00  0.1875E+00 -0.8185E+00 -0.1120E+01 -0.3017E+00  0.1421E+01
 
 -------------------------
  0.8884E+00  0.4904E+00 -0.1379E+01 -0.4722E+00 -0.1875E+00  0.6597E+00
  0.4904E+00  0.3894E+00 -0.8798E+00 -0.1875E+00  0.0000E+00  0.1875E+00
 -0.1379E+01 -0.8798E+00  0.2259E+01  0.6597E+00  0.1875E+00 -0.8472E+00
 -0.4722E+00 -0.1875E+00  0.6597E+00  0.1018E+01  0.1635E+00 -0.1182E+01
 -0.1875E+00  0.0000E+00  0.1875E+00  0.1635E+00  0.1298E+00 -0.2933E+00
  0.6597E+00  0.1875E+00 -0.8472E+00 -0.1182E+01 -0.2933E+00  0.1475E+01
 
 -------------------------
  0.9499E+00  0.4904E+00 -0.1440E+01 -0.5050E+00 -0.1875E+00  0.6925E+00
  0.4904E+00  0.3642E+00 -0.8546E+00 -0.1875E+00  0.0000E+00  0.1875E+00
 -0.1440E+01 -0.8546E+00  0.2295E+01  0.6925E+00  0.1875E+00 -0.8800E+00
 -0.5050E+00 -0.1875E+00  0.6925E+00  0.1089E+01  0.1635E+00 -0.1252E+01
 -0.1875E+00  0.0000E+00  0.1875E+00  0.1635E+00  0.1214E+00 -0.2849E+00
  0.6925E+00  0.1875E+00 -0.8800E+00 -0.1252E+01 -0.2849E+00  0.1537E+01
 
 -------------------------
  0.1021E+01  0.4904E+00 -0.1511E+01 -0.5426E+00 -0.1875E+00  0.7301E+00
  0.4904E+00  0.3389E+00 -0.8293E+00 -0.1875E+00  0.0000E+00  0.1875E+00
 -0.1511E+01 -0.8293E+00  0.2340E+01  0.7301E+00  0.1875E+00 -0.9176E+00
 -0.5426E+00 -0.1875E+00  0.7301E+00  0.1170E+01  0.1635E+00 -0.1333E+01
 -0.1875E+00  0.0000E+00  0.1875E+00  0.1635E+00  0.1130E+00 -0.2764E+00
  0.7301E+00  0.1875E+00 -0.9176E+00 -0.1333E+01 -0.2764E+00  0.1610E+01
 
 -------------------------
  0.1103E+01  0.4904E+00 -0.1593E+01 -0.5862E+00 -0.1875E+00  0.7737E+00
  0.4904E+00  0.3137E+00 -0.8041E+00 -0.1875E+00  0.0000E+00  0.1875E+00
 -0.1593E+01 -0.8041E+00  0.2397E+01  0.7737E+00  0.1875E+00 -0.9612E+00
 -0.5862E+00 -0.1875E+00  0.7737E+00  0.1264E+01  0.1635E+00 -0.1428E+01
 -0.1875E+00  0.0000E+00  0.1875E+00  0.1635E+00  0.1046E+00 -0.2680E+00
  0.7737E+00  0.1875E+00 -0.9612E+00 -0.1428E+01 -0.2680E+00  0.1696E+01
 
 -------------------------
  0.1199E+01  0.4904E+00 -0.1690E+01 -0.6375E+00 -0.1875E+00  0.8250E+00
  0.4904E+00  0.2885E+00 -0.7788E+00 -0.1875E+00  0.0000E+00  0.1875E+00
 -0.1690E+01 -0.7788E+00  0.2469E+01  0.8250E+00  0.1875E+00 -0.1012E+01
 -0.6375E+00 -0.1875E+00  0.8250E+00  0.1375E+01  0.1635E+00 -0.1538E+01
 -0.1875E+00  0.0000E+00  0.1875E+00  0.1635E+00  0.9615E-01 -0.2596E+00
  0.8250E+00  0.1875E+00 -0.1012E+01 -0.1538E+01 -0.2596E+00  0.1798E+01
 
 -------------------------
  0.1314E+01  0.4904E+00 -0.1805E+01 -0.6986E+00 -0.1875E+00  0.8861E+00
  0.4904E+00  0.2632E+00 -0.7536E+00 -0.1875E+00  0.0000E+00  0.1875E+00
 -0.1805E+01 -0.7536E+00  0.2558E+01  0.8861E+00  0.1875E+00 -0.1074E+01
 -0.6986E+00 -0.1875E+00  0.8861E+00  0.1507E+01  0.1635E+00 -0.1670E+01
 -0.1875E+00  0.0000E+00  0.1875E+00  0.1635E+00  0.8774E-01 -0.2512E+00
  0.8861E+00  0.1875E+00 -0.1074E+01 -0.1670E+01 -0.2512E+00  0.1921E+01
 
 -------------------------
  0.1454E+01  0.4904E+00 -0.1944E+01 -0.7727E+00 -0.1875E+00  0.9602E+00
  0.4904E+00  0.2380E+00 -0.7284E+00 -0.1875E+00  0.0000E+00  0.1875E+00
 -0.1944E+01 -0.7284E+00  0.2672E+01  0.9602E+00  0.1875E+00 -0.1148E+01
 -0.7727E+00 -0.1875E+00  0.9602E+00  0.1666E+01  0.1635E+00 -0.1830E+01
 -0.1875E+00  0.0000E+00  0.1875E+00  0.1635E+00  0.7933E-01 -0.2428E+00
  0.9602E+00  0.1875E+00 -0.1148E+01 -0.1830E+01 -0.2428E+00  0.2073E+01
 
 -------------------------
  0.1626E+01  0.4904E+00 -0.2117E+01 -0.8644E+00 -0.1875E+00  0.1052E+01
  0.4904E+00  0.2127E+00 -0.7031E+00 -0.1875E+00  0.0000E+00  0.1875E+00
 -0.2117E+01 -0.7031E+00  0.2820E+01  0.1052E+01  0.1875E+00 -0.1239E+01
 -0.8644E+00 -0.1875E+00  0.1052E+01  0.1864E+01  0.1635E+00 -0.2028E+01
 -0.1875E+00  0.0000E+00  0.1875E+00  0.1635E+00  0.7091E-01 -0.2344E+00
  0.1052E+01  0.1875E+00 -0.1239E+01 -0.2028E+01 -0.2344E+00  0.2262E+01
 
 -------------------------
  0.6242E+00  0.4651E+00 -0.1089E+01 -0.3383E+00 -0.1875E+00  0.5258E+00
  0.4651E+00  0.5156E+00 -0.9808E+00 -0.1875E+00  0.0000E+00  0.1875E+00
 -0.1089E+01 -0.9808E+00  0.2070E+01  0.5258E+00  0.1875E+00 -0.7133E+00
 -0.3383E+00 -0.1875E+00  0.5258E+00  0.7535E+00  0.1550E+00 -0.9086E+00
 -0.1875E+00  0.0000E+00  0.1875E+00  0.1550E+00  0.1719E+00 -0.3269E+00
  0.5258E+00  0.1875E+00 -0.7133E+00 -0.9086E+00 -0.3269E+00  0.1235E+01
 
 -------------------------
  0.6563E+00  0.4651E+00 -0.1121E+01 -0.3557E+00 -0.1875E+00  0.5432E+00
  0.4651E+00  0.4904E+00 -0.9555E+00 -0.1875E+00  0.0000E+00  0.1875E+00
 -0.1121E+01 -0.9555E+00  0.2077E+01  0.5432E+00  0.1875E+00 -0.7307E+00
 -0.3557E+00 -0.1875E+00  0.5432E+00  0.7923E+00  0.1550E+00 -0.9473E+00
 -0.1875E+00  0.0000E+00  0.1875E+00  0.1550E+00  0.1635E+00 -0.3185E+00
  0.5432E+00  0.1875E+00 -0.7307E+00 -0.9473E+00 -0.3185E+00  0.1266E+01
 
 -------------------------
  0.6919E+00  0.4651E+00 -0.1157E+01 -0.3750E+00 -0.1875E+00  0.5625E+00
  0.4651E+00  0.4651E+00 -0.9303E+00 -0.1875E+00  0.0000E+00  0.1875E+00
 -0.1157E+01 -0.9303E+00  0.2087E+01  0.5625E+00  0.1875E+00 -0.7500E+00
 -0.3750E+00 -0.1875E+00  0.5625E+00  0.8353E+00  0.1550E+00 -0.9903E+00
 -0.1875E+00  0.0000E+00  0.1875E+00  0.1550E+00  0.1550E+00 -0.3101E+00
  0.5625E+00  0.1875E+00 -0.7500E+00 -0.9903E+00 -0.3101E+00  0.1300E+01
 
 -------------------------
  0.7316E+00  0.4651E+00 -0.1197E+01 -0.3965E+00 -0.1875E+00  0.5840E+00
  0.4651E+00  0.4399E+00 -0.9050E+00 -0.1875E+00  0.0000E+00  0.1875E+00
 -0.1197E+01 -0.9050E+00  0.2102E+01  0.5840E+00  0.1875E+00 -0.7715E+00
 -0.3965E+00 -0.1875E+00  0.5840E+00  0.8832E+00  0.1550E+00 -0.1038E+01
 -0.1875E+00  0.0000E+00  0.1875E+00  0.1550E+00  0.1466E+00 -0.3017E+00
  0.5840E+00  0.1875E+00 -0.7715E+00 -0.1038E+01 -0.3017E+00  0.1340E+01
 
 -------------------------
  0.7761E+00  0.4651E+00 -0.1241E+01 -0.4207E+00 -0.1875E+00  0.6082E+00
  0.4651E+00  0.4147E+00 -0.8798E+00 -0.1875E+00  0.0000E+00  0.1875E+00
 -0.1241E+01 -0.8798E+00  0.2121E+01  0.6082E+00  0.1875E+00 -0.7957E+00
 -0.4207E+00 -0.1875E+00  0.6082E+00  0.9370E+00  0.1550E+00 -0.1092E+01
 -0.1875E+00  0.0000E+00  0.1875E+00  0.1550E+00  0.1382E+00 -0.2933E+00
  0.6082E+00  0.1875E+00 -0.7957E+00 -0.1092E+01 -0.2933E+00  0.1385E+01
 
 -------------------------
  0.8264E+00  0.4651E+00 -0.1292E+01 -0.4479E+00 -0.1875E+00  0.6354E+00
  0.4651E+00  0.3894E+00 -0.8546E+00 -0.1875E+00  0.0000E+00  0.1875E+00
 -0.1292E+01 -0.8546E+00  0.2146E+01  0.6354E+00  0.1875E+00 -0.8229E+00
 -0.4479E+00 -0.1875E+00  0.6354E+00  0.9977E+00  0.1550E+00 -0.1153E+01
 -0.1875E+00  0.0000E+00  0.1875E+00  0.1550E+00  0.1298E+00 -0.2849E+00
  0.6354E+00  0.1875E+00 -0.8229E+00 -0.1153E+01 -0.2849E+00  0.1438E+01
 
 -------------------------
  0.8837E+00  0.4651E+00 -0.1349E+01 -0.4790E+00 -0.1875E+00  0.6665E+00
  0.4651E+00  0.3642E+00 -0.8293E+00 -0.1875E+00  0.0000E+00  0.1875E+00
 -0.1349E+01 -0.8293E+00  0.2178E+01  0.6665E+00  0.1875E+00 -0.8540E+00
 -0.4790E+00 -0.1875E+00  0.6665E+00  0.1067E+01  0.1550E+00 -0.1222E+01
 -0.1875E+00  0.0000E+00  0.1875E+00  0.1550E+00  0.1214E+00 -0.2764E+00
  0.6665E+00  0.1875E+00 -0.8540E+00 -0.1222E+01 -0.2764E+00  0.1498E+01
 
 -------------------------
  0.9495E+00  0.4651E+00 -0.1415E+01 -0.5146E+00 -0.1875E+00  0.7021E+00
  0.4651E+00  0.3389E+00 -0.8041E+00 -0.1875E+00  0.0000E+00  0.1875E+00
 -0.1415E+01 -0.8041E+00  0.2219E+01  0.7021E+00  0.1875E+00 -0.8896E+00
 -0.5146E+00 -0.1875E+00  0.7021E+00  0.1146E+01  0.1550E+00 -0.1301E+01
 -0.1875E+00  0.0000E+00  0.1875E+00  0.1550E+00  0.1130E+00 -0.2680E+00
  0.7021E+00  0.1875E+00 -0.8896E+00 -0.1301E+01 -0.2680E+00  0.1569E+01
 
 -------------------------
  0.1026E+01  0.4651E+00 -0.1491E+01 -0.5560E+00 -0.1875E+00  0.7435E+00
  0.4651E+00  0.3137E+00 -0.7788E+00 -0.1875E+00  0.0000E+00  0.1875E+00
 -0.1491E+01 -0.7788E+00  0.2270E+01  0.7435E+00  0.1875E+00 -0.9310E+00
 -0.5560E+00 -0.1875E+00  0.7435E+00  0.1239E+01  0.1550E+00 -0.1394E+01
 -0.1875E+00  0.0000E+00  0.1875E+00  0.1550E+00  0.1046E+00 -0.2596E+00
  0.7435E+00  0.1875E+00 -0.9310E+00 -0.1394E+01 -0.2596E+00  0.1653E+01
 
 -------------------------
  0.1116E+01  0.4651E+00 -0.1581E+01 -0.6047E+00 -0.1875E+00  0.7922E+00
  0.4651E+00  0.2885E+00 -0.7536E+00 -0.1875E+00  0.0000E+00  0.1875E+00
 -0.1581E+01 -0.7536E+00  0.2334E+01  0.7922E+00  0.1875E+00 -0.9797E+00
 -0.6047E+00 -0.1875E+00  0.7922E+00  0.1347E+01  0.1550E+00 -0.1502E+01
 -0.1875E+00  0.0000E+00  0.1875E+00  0.1550E+00  0.9615E-01 -0.2512E+00
  0.7922E+00  0.1875E+00 -0.9797E+00 -0.1502E+01 -0.2512E+00  0.1753E+01
 
 -------------------------
  0.1223E+01  0.4651E+00 -0.1688E+01 -0.6627E+00 -0.1875E+00  0.8502E+00
  0.4651E+00  0.2632E+00 -0.7284E+00 -0.1875E+00  0.0000E+00  0.1875E+00
 -0.1688E+01 -0.7284E+00  0.2416E+01  0.8502E+00  0.1875E+00 -0.1038E+01
 -0.6627E+00 -0.1875E+00  0.8502E+00  0.1476E+01  0.1550E+00 -0.1631E+01
 -0.1875E+00  0.0000E+00  0.1875E+00  0.1550E+00  0.8774E-01 -0.2428E+00
  0.8502E+00  0.1875E+00 -0.1038E+01 -0.1631E+01 -0.2428E+00  0.1874E+01
 
 -------------------------
  0.1352E+01  0.4651E+00 -0.1817E+01 -0.7330E+00 -0.1875E+00  0.9205E+00
  0.4651E+00  0.2380E+00 -0.7031E+00 -0.1875E+00  0.0000E+00  0.1875E+00
 -0.1817E+01 -0.7031E+00  0.2521E+01  0.9205E+00  0.1875E+00 -0.1108E+01
 -0.7330E+00 -0.1875E+00  0.9205E+00  0.1633E+01  0.1550E+00 -0.1788E+01
 -0.1875E+00  0.0000E+00  0.1875E+00  0.1550E+00  0.7933E-01 -0.2344E+00
  0.9205E+00  0.1875E+00 -0.1108E+01 -0.1788E+01 -0.2344E+00  0.2022E+01
 
 -------------------------
  0.1513E+01  0.4651E+00 -0.1978E+01 -0.8199E+00 -0.1875E+00  0.1007E+01
  0.4651E+00  0.2127E+00 -0.6779E+00 -0.1875E+00  0.0000E+00  0.1875E+00
 -0.1978E+01 -0.6779E+00  0.2656E+01  0.1007E+01  0.1875E+00 -0.1195E+01
 -0.8199E+00 -0.1875E+00  0.1007E+01  0.1826E+01  0.1550E+00 -0.1981E+01
 -0.1875E+00  0.0000E+00  0.1875E+00  0.1550E+00  0.7091E-01 -0.2260E+00
  0.1007E+01  0.1875E+00 -0.1195E+01 -0.1981E+01 -0.2260E+00  0.2207E+01
 
 -------------------------
  0.5798E+00  0.4399E+00 -0.1020E+01 -0.3199E+00 -0.1875E+00  0.5074E+00
  0.4399E+00  0.5156E+00 -0.9555E+00 -0.1875E+00  0.0000E+00  0.1875E+00
 -0.1020E+01 -0.9555E+00  0.1975E+01  0.5074E+00  0.1875E+00 -0.6949E+00
 -0.3199E+00 -0.1875E+00  0.5074E+00  0.7387E+00  0.1466E+00 -0.8854E+00
 -0.1875E+00  0.0000E+00  0.1875E+00  0.1466E+00  0.1719E+00 -0.3185E+00
  0.5074E+00  0.1875E+00 -0.6949E+00 -0.8854E+00 -0.3185E+00  0.1204E+01
 
 -------------------------
  0.6097E+00  0.4399E+00 -0.1050E+01 -0.3364E+00 -0.1875E+00  0.5239E+00
  0.4399E+00  0.4904E+00 -0.9303E+00 -0.1875E+00  0.0000E+00  0.1875E+00
 -0.1050E+01 -0.9303E+00  0.1980E+01  0.5239E+00  0.1875E+00 -0.7114E+00
 -0.3364E+00 -0.1875E+00  0.5239E+00  0.7768E+00  0.1466E+00 -0.9234E+00
 -0.1875E+00  0.0000E+00  0.1875E+00  0.1466E+00  0.1635E+00 -0.3101E+00
  0.5239E+00  0.1875E+00 -0.7114E+00 -0.9234E+00 -0.3101E+00  0.1233E+01
 
 -------------------------
  0.6428E+00  0.4399E+00 -0.1083E+01 -0.3547E+00 -0.1875E+00  0.5422E+00
  0.4399E+00  0.4651E+00 -0.9050E+00 -0.1875E+00  0.0000E+00  0.1875E+00
 -0.1083E+01 -0.9050E+00  0.1988E+01  0.5422E+00  0.1875E+00 -0.7297E+00
 -0.3547E+00 -0.1875E+00  0.5422E+00  0.8189E+00  0.1466E+00 -0.9655E+00
 -0.1875E+00  0.0000E+00  0.1875E+00  0.1466E+00  0.1550E+00 -0.3017E+00
  0.5422E+00  0.1875E+00 -0.7297E+00 -0.9655E+00 -0.3017E+00  0.1267E+01
 
 -------------------------
  0.6797E+00  0.4399E+00 -0.1120E+01 -0.3750E+00 -0.1875E+00  0.5625E+00
  0.4399E+00  0.4399E+00 -0.8798E+00 -0.1875E+00  0.0000E+00  0.1875E+00
 -0.1120E+01 -0.8798E+00  0.1999E+01  0.5625E+00  0.1875E+00 -0.7500E+00
 -0.3750E+00 -0.1875E+00  0.5625E+00  0.8659E+00  0.1466E+00 -0.1013E+01
 -0.1875E+00  0.0000E+00  0.1875E+00  0.1466E+00  0.1466E+00 -0.2933E+00
  0.5625E+00  0.1875E+00 -0.7500E+00 -0.1013E+01 -0.2933E+00  0.1306E+01
 
 -------------------------
  0.7210E+00  0.4399E+00 -0.1161E+01 -0.3978E+00 -0.1875E+00  0.5853E+00
  0.4399E+00  0.4147E+00 -0.8546E+00 -0.1875E+00  0.0000E+00  0.1875E+00
 -0.1161E+01 -0.8546E+00  0.2015E+01  0.5853E+00  0.1875E+00 -0.7728E+00
 -0.3978E+00 -0.1875E+00  0.5853E+00  0.9186E+00  0.1466E+00 -0.1065E+01
 -0.1875E+00  0.0000E+00  0.1875E+00  0.1466E+00  0.1382E+00 -0.2849E+00
  0.5853E+00  0.1875E+00 -0.7728E+00 -0.1065E+01 -0.2849E+00  0.1350E+01
 
 -------------------------
  0.7678E+00  0.4399E+00 -0.1208E+01 -0.4236E+00 -0.1875E+00  0.6111E+00
  0.4399E+00  0.3894E+00 -0.8293E+00 -0.1875E+00  0.0000E+00  0.1875E+00
 -0.1208E+01 -0.8293E+00  0.2037E+01  0.6111E+00  0.1875E+00 -0.7986E+00
 -0.4236E+00 -0.1875E+00  0.6111E+00  0.9781E+00  0.1466E+00 -0.1125E+01
 -0.1875E+00  0.0000E+00  0.1875E+00  0.1466E+00  0.1298E+00 -0.2764E+00
  0.6111E+00  0.1875E+00 -0.7986E+00 -0.1125E+01 -0.2764E+00  0.1401E+01
 
 -------------------------
  0.8210E+00  0.4399E+00 -0.1261E+01 -0.4530E+00 -0.1875E+00  0.6405E+00
  0.4399E+00  0.3642E+00 -0.8041E+00 -0.1875E+00  0.0000E+00  0.1875E+00
 -0.1261E+01 -0.8041E+00  0.2065E+01  0.6405E+00  0.1875E+00 -0.8280E+00
 -0.4530E+00 -0.1875E+00  0.6405E+00  0.1046E+01  0.1466E+00 -0.1193E+01
 -0.1875E+00  0.0000E+00  0.1875E+00  0.1466E+00  0.1214E+00 -0.2680E+00
  0.6405E+00  0.1875E+00 -0.8280E+00 -0.1193E+01 -0.2680E+00  0.1461E+01
 
 -------------------------
  0.8821E+00  0.4399E+00 -0.1322E+01 -0.4867E+00 -0.1875E+00  0.6742E+00
  0.4399E+00  0.3389E+00 -0.7788E+00 -0.1875E+00  0.0000E+00  0.1875E+00
 -0.1322E+01 -0.7788E+00  0.2101E+01  0.6742E+00  0.1875E+00 -0.8617E+00
 -0.4867E+00 -0.1875E+00  0.6742E+00  0.1124E+01  0.1466E+00 -0.1270E+01
 -0.1875E+00  0.0000E+00  0.1875E+00  0.1466E+00  0.1130E+00 -0.2596E+00
  0.6742E+00  0.1875E+00 -0.8617E+00 -0.1270E+01 -0.2596E+00  0.1530E+01
 
 -------------------------
  0.9531E+00  0.4399E+00 -0.1393E+01 -0.5259E+00 -0.1875E+00  0.7134E+00
  0.4399E+00  0.3137E+00 -0.7536E+00 -0.1875E+00  0.0000E+00  0.1875E+00
 -0.1393E+01 -0.7536E+00  0.2147E+01  0.7134E+00  0.1875E+00 -0.9009E+00
 -0.5259E+00 -0.1875E+00  0.7134E+00  0.1214E+01  0.1466E+00 -0.1361E+01
 -0.1875E+00  0.0000E+00  0.1875E+00  0.1466E+00  0.1046E+00 -0.2512E+00
  0.7134E+00  0.1875E+00 -0.9009E+00 -0.1361E+01 -0.2512E+00  0.1612E+01
 
 -------------------------
  0.1036E+01  0.4399E+00 -0.1476E+01 -0.5719E+00 -0.1875E+00  0.7594E+00
  0.4399E+00  0.2885E+00 -0.7284E+00 -0.1875E+00  0.0000E+00  0.1875E+00
 -0.1476E+01 -0.7284E+00  0.2205E+01  0.7594E+00  0.1875E+00 -0.9469E+00
 -0.5719E+00 -0.1875E+00  0.7594E+00  0.1320E+01  0.1466E+00 -0.1467E+01
 -0.1875E+00  0.0000E+00  0.1875E+00  0.1466E+00  0.9615E-01 -0.2428E+00
  0.7594E+00  0.1875E+00 -0.9469E+00 -0.1467E+01 -0.2428E+00  0.1710E+01
 
 -------------------------
  0.1136E+01  0.4399E+00 -0.1576E+01 -0.6267E+00 -0.1875E+00  0.8142E+00
  0.4399E+00  0.2632E+00 -0.7031E+00 -0.1875E+00  0.0000E+00  0.1875E+00
 -0.1576E+01 -0.7031E+00  0.2279E+01  0.8142E+00  0.1875E+00 -0.1002E+01
 -0.6267E+00 -0.1875E+00  0.8142E+00  0.1447E+01  0.1466E+00 -0.1594E+01
 -0.1875E+00  0.0000E+00  0.1875E+00  0.1466E+00  0.8774E-01 -0.2344E+00
  0.8142E+00  0.1875E+00 -0.1002E+01 -0.1594E+01 -0.2344E+00  0.1828E+01
 
 -------------------------
  0.1256E+01  0.4399E+00 -0.1696E+01 -0.6932E+00 -0.1875E+00  0.8807E+00
  0.4399E+00  0.2380E+00 -0.6779E+00 -0.1875E+00  0.0000E+00  0.1875E+00
 -0.1696E+01 -0.6779E+00  0.2374E+01  0.8807E+00  0.1875E+00 -0.1068E+01
 -0.6932E+00 -0.1875E+00  0.8807E+00  0.1601E+01  0.1466E+00 -0.1747E+01
 -0.1875E+00  0.0000E+00  0.1875E+00  0.1466E+00  0.7933E-01 -0.2260E+00
  0.8807E+00  0.1875E+00 -0.1068E+01 -0.1747E+01 -0.2260E+00  0.1973E+01
 
 -------------------------
  0.1405E+01  0.4399E+00 -0.1845E+01 -0.7754E+00 -0.1875E+00  0.9629E+00
  0.4399E+00  0.2127E+00 -0.6526E+00 -0.1875E+00  0.0000E+00  0.1875E+00
 -0.1845E+01 -0.6526E+00  0.2498E+01  0.9629E+00  0.1875E+00 -0.1150E+01
 -0.7754E+00 -0.1875E+00  0.9629E+00  0.1790E+01  0.1466E+00 -0.1937E+01
 -0.1875E+00  0.0000E+00  0.1875E+00  0.1466E+00  0.7091E-01 -0.2175E+00
  0.9629E+00  0.1875E+00 -0.1150E+01 -0.1937E+01 -0.2175E+00  0.2155E+01
 
 -------------------------
  0.5380E+00  0.4147E+00 -0.9527E+00 -0.3016E+00 -0.1875E+00  0.4891E+00
  0.4147E+00  0.5156E+00 -0.9303E+00 -0.1875E+00  0.0000E+00  0.1875E+00
 -0.9527E+00 -0.9303E+00  0.1883E+01  0.4891E+00  0.1875E+00 -0.6766E+00
 -0.3016E+00 -0.1875E+00  0.4891E+00  0.7248E+00  0.1382E+00 -0.8630E+00
 -0.1875E+00  0.0000E+00  0.1875E+00  0.1382E+00  0.1719E+00 -0.3101E+00
  0.4891E+00  0.1875E+00 -0.6766E+00 -0.8630E+00 -0.3101E+00  0.1173E+01
 
 -------------------------
  0.5657E+00  0.4147E+00 -0.9804E+00 -0.3171E+00 -0.1875E+00  0.5046E+00
  0.4147E+00  0.4904E+00 -0.9050E+00 -0.1875E+00  0.0000E+00  0.1875E+00
 -0.9804E+00 -0.9050E+00  0.1885E+01  0.5046E+00  0.1875E+00 -0.6921E+00
 -0.3171E+00 -0.1875E+00  0.5046E+00  0.7621E+00  0.1382E+00 -0.9003E+00
 -0.1875E+00  0.0000E+00  0.1875E+00  0.1382E+00  0.1635E+00 -0.3017E+00
  0.5046E+00  0.1875E+00 -0.6921E+00 -0.9003E+00 -0.3017E+00  0.1202E+01
 
 -------------------------
  0.5964E+00  0.4147E+00 -0.1011E+01 -0.3343E+00 -0.1875E+00  0.5218E+00
  0.4147E+00  0.4651E+00 -0.8798E+00 -0.1875E+00  0.0000E+00  0.1875E+00
 -0.1011E+01 -0.8798E+00  0.1891E+01  0.5218E+00  0.1875E+00 -0.7093E+00
 -0.3343E+00 -0.1875E+00  0.5218E+00  0.8035E+00  0.1382E+00 -0.9417E+00
 -0.1875E+00  0.0000E+00  0.1875E+00  0.1382E+00  0.1550E+00 -0.2933E+00
  0.5218E+00  0.1875E+00 -0.7093E+00 -0.9417E+00 -0.2933E+00  0.1235E+01
 
 -------------------------
  0.6306E+00  0.4147E+00 -0.1045E+01 -0.3535E+00 -0.1875E+00  0.5410E+00
  0.4147E+00  0.4399E+00 -0.8546E+00 -0.1875E+00  0.0000E+00  0.1875E+00
 -0.1045E+01 -0.8546E+00  0.1900E+01  0.5410E+00  0.1875E+00 -0.7285E+00
 -0.3535E+00 -0.1875E+00  0.5410E+00  0.8496E+00  0.1382E+00 -0.9878E+00
 -0.1875E+00  0.0000E+00  0.1875E+00  0.1382E+00  0.1466E+00 -0.2849E+00
  0.5410E+00  0.1875E+00 -0.7285E+00 -0.9878E+00 -0.2849E+00  0.1273E+01
 
 -------------------------
  0.6690E+00  0.4147E+00 -0.1084E+01 -0.3750E+00 -0.1875E+00  0.5625E+00
  0.4147E+00  0.4147E+00 -0.8293E+00 -0.1875E+00  0.0000E+00  0.1875E+00
 -0.1084E+01 -0.8293E+00  0.1913E+01  0.5625E+00  0.1875E+00 -0.7500E+00
 -0.3750E+00 -0.1875E+00  0.5625E+00  0.9013E+00  0.1382E+00 -0.1039E+01
 -0.1875E+00  0.0000E+00  0.1875E+00  0.1382E+00  0.1382E+00 -0.2764E+00
  0.5625E+00  0.1875E+00 -0.7500E+00 -0.1039E+01 -0.2764E+00  0.1316E+01
 
 -------------------------
  0.7124E+00  0.4147E+00 -0.1127E+01 -0.3993E+00 -0.1875E+00  0.5868E+00
  0.4147E+00  0.3894E+00 -0.8041E+00 -0.1875E+00  0.0000E+00  0.1875E+00
 -0.1127E+01 -0.8041E+00  0.1931E+01  0.5868E+00  0.1875E+00 -0.7743E+00
 -0.3993E+00 -0.1875E+00  0.5868E+00  0.9597E+00  0.1382E+00 -0.1098E+01
 -0.1875E+00  0.0000E+00  0.1875E+00  0.1382E+00  0.1298E+00 -0.2680E+00
  0.5868E+00  0.1875E+00 -0.7743E+00 -0.1098E+01 -0.2680E+00  0.1366E+01
 
 -------------------------
  0.7617E+00  0.4147E+00 -0.1176E+01 -0.4270E+00 -0.1875E+00  0.6145E+00
  0.4147E+00  0.3642E+00 -0.7788E+00 -0.1875E+00  0.0000E+00  0.1875E+00
 -0.1176E+01 -0.7788E+00  0.1955E+01  0.6145E+00  0.1875E+00 -0.8020E+00
 -0.4270E+00 -0.1875E+00  0.6145E+00  0.1026E+01  0.1382E+00 -0.1164E+01
 -0.1875E+00  0.0000E+00  0.1875E+00  0.1382E+00  0.1214E+00 -0.2596E+00
  0.6145E+00  0.1875E+00 -0.8020E+00 -0.1164E+01 -0.2596E+00  0.1424E+01
 
 -------------------------
  0.8185E+00  0.4147E+00 -0.1233E+01 -0.4588E+00 -0.1875E+00  0.6463E+00
  0.4147E+00  0.3389E+00 -0.7536E+00 -0.1875E+00  0.0000E+00  0.1875E+00
 -0.1233E+01 -0.7536E+00  0.1987E+01  0.6463E+00  0.1875E+00 -0.8338E+00
 -0.4588E+00 -0.1875E+00  0.6463E+00  0.1103E+01  0.1382E+00 -0.1241E+01
 -0.1875E+00  0.0000E+00  0.1875E+00  0.1382E+00  0.1130E+00 -0.2512E+00
  0.6463E+00  0.1875E+00 -0.8338E+00 -0.1241E+01 -0.2512E+00  0.1492E+01
 
 -------------------------
  0.8843E+00  0.4147E+00 -0.1299E+01 -0.4957E+00 -0.1875E+00  0.6832E+00
  0.4147E+00  0.3137E+00 -0.7284E+00 -0.1875E+00  0.0000E+00  0.1875E+00
 -0.1299E+01 -0.7284E+00  0.2027E+01  0.6832E+00  0.1875E+00 -0.8707E+00
 -0.4957E+00 -0.1875E+00  0.6832E+00  0.1191E+01  0.1382E+00 -0.1330E+01
 -0.1875E+00  0.0000E+00  0.1875E+00  0.1382E+00  0.1046E+00 -0.2428E+00
  0.6832E+00  0.1875E+00 -0.8707E+00 -0.1330E+01 -0.2428E+00  0.1572E+01
 
 -------------------------
  0.9617E+00  0.4147E+00 -0.1376E+01 -0.5391E+00 -0.1875E+00  0.7266E+00
  0.4147E+00  0.2885E+00 -0.7031E+00 -0.1875E+00  0.0000E+00  0.1875E+00
 -0.1376E+01 -0.7031E+00  0.2079E+01  0.7266E+00  0.1875E+00 -0.9141E+00
 -0.5391E+00 -0.1875E+00  0.7266E+00  0.1296E+01  0.1382E+00 -0.1434E+01
 -0.1875E+00  0.0000E+00  0.1875E+00  0.1382E+00  0.9615E-01 -0.2344E+00
  0.7266E+00  0.1875E+00 -0.9141E+00 -0.1434E+01 -0.2344E+00  0.1668E+01
 
 -------------------------
  0.1054E+01  0.4147E+00 -0.1469E+01 -0.5908E+00 -0.1875E+00  0.7783E+00
  0.4147E+00  0.2632E+00 -0.6779E+00 -0.1875E+00  0.0000E+00  0.1875E+00
 -0.1469E+01 -0.6779E+00  0.2146E+01  0.7783E+00  0.1875E+00 -0.9658E+00
 -0.5908E+00 -0.1875E+00  0.7783E+00  0.1420E+01  0.1382E+00 -0.1558E+01
 -0.1875E+00  0.0000E+00  0.1875E+00  0.1382E+00  0.8774E-01 -0.2260E+00
  0.7783E+00  0.1875E+00 -0.9658E+00 -0.1558E+01 -0.2260E+00  0.1784E+01
 
 -------------------------
  0.1166E+01  0.4147E+00 -0.1580E+01 -0.6534E+00 -0.1875E+00  0.8409E+00
  0.4147E+00  0.2380E+00 -0.6526E+00 -0.1875E+00  0.0000E+00  0.1875E+00
 -0.1580E+01 -0.6526E+00  0.2233E+01  0.8409E+00  0.1875E+00 -0.1028E+01
 -0.6534E+00 -0.1875E+00  0.8409E+00  0.1570E+01  0.1382E+00 -0.1709E+01
 -0.1875E+00  0.0000E+00  0.1875E+00  0.1382E+00  0.7933E-01 -0.2175E+00
  0.8409E+00  0.1875E+00 -0.1028E+01 -0.1709E+01 -0.2175E+00  0.1926E+01
 
 -------------------------
  0.1304E+01  0.4147E+00 -0.1719E+01 -0.7309E+00 -0.1875E+00  0.9184E+00
  0.4147E+00  0.2127E+00 -0.6274E+00 -0.1875E+00  0.0000E+00  0.1875E+00
 -0.1719E+01 -0.6274E+00  0.2346E+01  0.9184E+00  0.1875E+00 -0.1106E+01
 -0.7309E+00 -0.1875E+00  0.9184E+00  0.1757E+01  0.1382E+00 -0.1895E+01
 -0.1875E+00  0.0000E+00  0.1875E+00  0.1382E+00  0.7091E-01 -0.2091E+00
  0.9184E+00  0.1875E+00 -0.1106E+01 -0.1895E+01 -0.2091E+00  0.2104E+01
 
 -------------------------
  0.4987E+00  0.3894E+00 -0.8881E+00 -0.2832E+00 -0.1875E+00  0.4707E+00
  0.3894E+00  0.5156E+00 -0.9050E+00 -0.1875E+00  0.0000E+00  0.1875E+00
 -0.8881E+00 -0.9050E+00  0.1793E+01  0.4707E+00  0.1875E+00 -0.6582E+00
 -0.2832E+00 -0.1875E+00  0.4707E+00  0.7117E+00  0.1298E+00 -0.8415E+00
 -0.1875E+00  0.0000E+00  0.1875E+00  0.1298E+00  0.1719E+00 -0.3017E+00
  0.4707E+00  0.1875E+00 -0.6582E+00 -0.8415E+00 -0.3017E+00  0.1143E+01
 
 -------------------------
  0.5243E+00  0.3894E+00 -0.9137E+00 -0.2978E+00 -0.1875E+00  0.4853E+00
  0.3894E+00  0.4904E+00 -0.8798E+00 -0.1875E+00  0.0000E+00  0.1875E+00
 -0.9137E+00 -0.8798E+00  0.1794E+01  0.4853E+00  0.1875E+00 -0.6728E+00
 -0.2978E+00 -0.1875E+00  0.4853E+00  0.7483E+00  0.1298E+00 -0.8781E+00
 -0.1875E+00  0.0000E+00  0.1875E+00  0.1298E+00  0.1635E+00 -0.2933E+00
  0.4853E+00  0.1875E+00 -0.6728E+00 -0.8781E+00 -0.2933E+00  0.1171E+01
 
 -------------------------
  0.5528E+00  0.3894E+00 -0.9422E+00 -0.3140E+00 -0.1875E+00  0.5015E+00
  0.3894E+00  0.4651E+00 -0.8546E+00 -0.1875E+00  0.0000E+00  0.1875E+00
 -0.9422E+00 -0.8546E+00  0.1797E+01  0.5015E+00  0.1875E+00 -0.6890E+00
 -0.3140E+00 -0.1875E+00  0.5015E+00  0.7889E+00  0.1298E+00 -0.9187E+00
 -0.1875E+00  0.0000E+00  0.1875E+00  0.1298E+00  0.1550E+00 -0.2849E+00
  0.5015E+00  0.1875E+00 -0.6890E+00 -0.9187E+00 -0.2849E+00  0.1204E+01
 
 -------------------------
  0.5845E+00  0.3894E+00 -0.9739E+00 -0.3320E+00 -0.1875E+00  0.5195E+00
  0.3894E+00  0.4399E+00 -0.8293E+00 -0.1875E+00  0.0000E+00  0.1875E+00
 -0.9739E+00 -0.8293E+00  0.1803E+01  0.5195E+00  0.1875E+00 -0.7070E+00
 -0.3320E+00 -0.1875E+00  0.5195E+00  0.8342E+00  0.1298E+00 -0.9640E+00
 -0.1875E+00  0.0000E+00  0.1875E+00  0.1298E+00  0.1466E+00 -0.2764E+00
  0.5195E+00  0.1875E+00 -0.7070E+00 -0.9640E+00 -0.2764E+00  0.1240E+01
 
 -------------------------
  0.6201E+00  0.3894E+00 -0.1009E+01 -0.3522E+00 -0.1875E+00  0.5397E+00
  0.3894E+00  0.4147E+00 -0.8041E+00 -0.1875E+00  0.0000E+00  0.1875E+00
 -0.1009E+01 -0.8041E+00  0.1814E+01  0.5397E+00  0.1875E+00 -0.7272E+00
 -0.3522E+00 -0.1875E+00  0.5397E+00  0.8849E+00  0.1298E+00 -0.1015E+01
 -0.1875E+00  0.0000E+00  0.1875E+00  0.1298E+00  0.1382E+00 -0.2680E+00
  0.5397E+00  0.1875E+00 -0.7272E+00 -0.1015E+01 -0.2680E+00  0.1283E+01
 
 -------------------------
  0.6603E+00  0.3894E+00 -0.1050E+01 -0.3750E+00 -0.1875E+00  0.5625E+00
  0.3894E+00  0.3894E+00 -0.7788E+00 -0.1875E+00  0.0000E+00  0.1875E+00
 -0.1050E+01 -0.7788E+00  0.1829E+01  0.5625E+00  0.1875E+00 -0.7500E+00
 -0.3750E+00 -0.1875E+00  0.5625E+00  0.9423E+00  0.1298E+00 -0.1072E+01
 -0.1875E+00  0.0000E+00  0.1875E+00  0.1298E+00  0.1298E+00 -0.2596E+00
  0.5625E+00  0.1875E+00 -0.7500E+00 -0.1072E+01 -0.2596E+00  0.1332E+01
 
 -------------------------
  0.7060E+00  0.3894E+00 -0.1095E+01 -0.4010E+00 -0.1875E+00  0.5885E+00
  0.3894E+00  0.3642E+00 -0.7536E+00 -0.1875E+00  0.0000E+00  0.1875E+00
 -0.1095E+01 -0.7536E+00  0.1849E+01  0.5885E+00  0.1875E+00 -0.7760E+00
 -0.4010E+00 -0.1875E+00  0.5885E+00  0.1008E+01  0.1298E+00 -0.1137E+01
 -0.1875E+00  0.0000E+00  0.1875E+00  0.1298E+00  0.1214E+00 -0.2512E+00
  0.5885E+00  0.1875E+00 -0.7760E+00 -0.1137E+01 -0.2512E+00  0.1389E+01
 
 -------------------------
  0.7586E+00  0.3894E+00 -0.1148E+01 -0.4309E+00 -0.1875E+00  0.6184E+00
  0.3894E+00  0.3389E+00 -0.7284E+00 -0.1875E+00  0.0000E+00  0.1875E+00
 -0.1148E+01 -0.7284E+00  0.1876E+01  0.6184E+00  0.1875E+00 -0.8059E+00
 -0.4309E+00 -0.1875E+00  0.6184E+00  0.1083E+01  0.1298E+00 -0.1212E+01
 -0.1875E+00  0.0000E+00  0.1875E+00  0.1298E+00  0.1130E+00 -0.2428E+00
  0.6184E+00  0.1875E+00 -0.8059E+00 -0.1212E+01 -0.2428E+00  0.1455E+01
 
 -------------------------
  0.8196E+00  0.3894E+00 -0.1209E+01 -0.4655E+00 -0.1875E+00  0.6530E+00
  0.3894E+00  0.3137E+00 -0.7031E+00 -0.1875E+00  0.0000E+00  0.1875E+00
 -0.1209E+01 -0.7031E+00  0.1912E+01  0.6530E+00  0.1875E+00 -0.8405E+00
 -0.4655E+00 -0.1875E+00  0.6530E+00  0.1170E+01  0.1298E+00 -0.1300E+01
 -0.1875E+00  0.0000E+00  0.1875E+00  0.1298E+00  0.1046E+00 -0.2344E+00
  0.6530E+00  0.1875E+00 -0.8405E+00 -0.1300E+01 -0.2344E+00  0.1534E+01
 
 -------------------------
  0.8913E+00  0.3894E+00 -0.1281E+01 -0.5062E+00 -0.1875E+00  0.6937E+00
  0.3894E+00  0.2885E+00 -0.6779E+00 -0.1875E+00  0.0000E+00  0.1875E+00
 -0.1281E+01 -0.6779E+00  0.1959E+01  0.6937E+00  0.1875E+00 -0.8812E+00
 -0.5062E+00 -0.1875E+00  0.6937E+00  0.1272E+01  0.1298E+00 -0.1402E+01
 -0.1875E+00  0.0000E+00  0.1875E+00  0.1298E+00  0.9615E-01 -0.2260E+00
  0.6937E+00  0.1875E+00 -0.8812E+00 -0.1402E+01 -0.2260E+00  0.1628E+01
 
 -------------------------
  0.9768E+00  0.3894E+00 -0.1366E+01 -0.5548E+00 -0.1875E+00  0.7423E+00
  0.3894E+00  0.2632E+00 -0.6526E+00 -0.1875E+00  0.0000E+00  0.1875E+00
 -0.1366E+01 -0.6526E+00  0.2019E+01  0.7423E+00  0.1875E+00 -0.9298E+00
 -0.5548E+00 -0.1875E+00  0.7423E+00  0.1394E+01  0.1298E+00 -0.1524E+01
 -0.1875E+00  0.0000E+00  0.1875E+00  0.1298E+00  0.8774E-01 -0.2175E+00
  0.7423E+00  0.1875E+00 -0.9298E+00 -0.1524E+01 -0.2175E+00  0.1741E+01
 
 -------------------------
  0.1080E+01  0.3894E+00 -0.1470E+01 -0.6136E+00 -0.1875E+00  0.8011E+00
  0.3894E+00  0.2380E+00 -0.6274E+00 -0.1875E+00  0.0000E+00  0.1875E+00
 -0.1470E+01 -0.6274E+00  0.2097E+01  0.8011E+00  0.1875E+00 -0.9886E+00
 -0.6136E+00 -0.1875E+00  0.8011E+00  0.1542E+01  0.1298E+00 -0.1672E+01
 -0.1875E+00  0.0000E+00  0.1875E+00  0.1298E+00  0.7933E-01 -0.2091E+00
  0.8011E+00  0.1875E+00 -0.9886E+00 -0.1672E+01 -0.2091E+00  0.1881E+01
 
 -------------------------
  0.1209E+01  0.3894E+00 -0.1598E+01 -0.6864E+00 -0.1875E+00  0.8739E+00
  0.3894E+00  0.2127E+00 -0.6022E+00 -0.1875E+00  0.0000E+00  0.1875E+00
 -0.1598E+01 -0.6022E+00  0.2200E+01  0.8739E+00  0.1875E+00 -0.1061E+01
 -0.6864E+00 -0.1875E+00  0.8739E+00  0.1725E+01  0.1298E+00 -0.1855E+01
 -0.1875E+00  0.0000E+00  0.1875E+00  0.1298E+00  0.7091E-01 -0.2007E+00
  0.8739E+00  0.1875E+00 -0.1061E+01 -0.1855E+01 -0.2007E+00  0.2055E+01
 
 -------------------------
  0.4618E+00  0.3642E+00 -0.8259E+00 -0.2649E+00 -0.1875E+00  0.4524E+00
  0.3642E+00  0.5156E+00 -0.8798E+00 -0.1875E+00  0.0000E+00  0.1875E+00
 -0.8259E+00 -0.8798E+00  0.1706E+01  0.4524E+00  0.1875E+00 -0.6399E+00
 -0.2649E+00 -0.1875E+00  0.4524E+00  0.6994E+00  0.1214E+00 -0.8208E+00
 -0.1875E+00  0.0000E+00  0.1875E+00  0.1214E+00  0.1719E+00 -0.2933E+00
  0.4524E+00  0.1875E+00 -0.6399E+00 -0.8208E+00 -0.2933E+00  0.1114E+01
 
 -------------------------
  0.4855E+00  0.3642E+00 -0.8497E+00 -0.2785E+00 -0.1875E+00  0.4660E+00
  0.3642E+00  0.4904E+00 -0.8546E+00 -0.1875E+00  0.0000E+00  0.1875E+00
 -0.8497E+00 -0.8546E+00  0.1704E+01  0.4660E+00  0.1875E+00 -0.6535E+00
 -0.2785E+00 -0.1875E+00  0.4660E+00  0.7354E+00  0.1214E+00 -0.8568E+00
 -0.1875E+00  0.0000E+00  0.1875E+00  0.1214E+00  0.1635E+00 -0.2849E+00
  0.4660E+00  0.1875E+00 -0.6535E+00 -0.8568E+00 -0.2849E+00  0.1142E+01
 
 -------------------------
  0.5119E+00  0.3642E+00 -0.8761E+00 -0.2936E+00 -0.1875E+00  0.4811E+00
  0.3642E+00  0.4651E+00 -0.8293E+00 -0.1875E+00  0.0000E+00  0.1875E+00
 -0.8761E+00 -0.8293E+00  0.1705E+01  0.4811E+00  0.1875E+00 -0.6686E+00
 -0.2936E+00 -0.1875E+00  0.4811E+00  0.7753E+00  0.1214E+00 -0.8967E+00
 -0.1875E+00  0.0000E+00  0.1875E+00  0.1214E+00  0.1550E+00 -0.2764E+00
  0.4811E+00  0.1875E+00 -0.6686E+00 -0.8967E+00 -0.2764E+00  0.1173E+01
 
 -------------------------
  0.5412E+00  0.3642E+00 -0.9054E+00 -0.3105E+00 -0.1875E+00  0.4980E+00
  0.3642E+00  0.4399E+00 -0.8041E+00 -0.1875E+00  0.0000E+00  0.1875E+00
 -0.9054E+00 -0.8041E+00  0.1710E+01  0.4980E+00  0.1875E+00 -0.6855E+00
 -0.3105E+00 -0.1875E+00  0.4980E+00  0.8198E+00  0.1214E+00 -0.9412E+00
 -0.1875E+00  0.0000E+00  0.1875E+00  0.1214E+00  0.1466E+00 -0.2680E+00
  0.4980E+00  0.1875E+00 -0.6855E+00 -0.9412E+00 -0.2680E+00  0.1209E+01
 
 -------------------------
  0.5742E+00  0.3642E+00 -0.9384E+00 -0.3293E+00 -0.1875E+00  0.5168E+00
  0.3642E+00  0.4147E+00 -0.7788E+00 -0.1875E+00  0.0000E+00  0.1875E+00
 -0.9384E+00 -0.7788E+00  0.1717E+01  0.5168E+00  0.1875E+00 -0.7043E+00
 -0.3293E+00 -0.1875E+00  0.5168E+00  0.8697E+00  0.1214E+00 -0.9911E+00
 -0.1875E+00  0.0000E+00  0.1875E+00  0.1214E+00  0.1382E+00 -0.2596E+00
  0.5168E+00  0.1875E+00 -0.7043E+00 -0.9911E+00 -0.2596E+00  0.1251E+01
 
 -------------------------
  0.6114E+00  0.3642E+00 -0.9756E+00 -0.3507E+00 -0.1875E+00  0.5382E+00
  0.3642E+00  0.3894E+00 -0.7536E+00 -0.1875E+00  0.0000E+00  0.1875E+00
 -0.9756E+00 -0.7536E+00  0.1729E+01  0.5382E+00  0.1875E+00 -0.7257E+00
 -0.3507E+00 -0.1875E+00  0.5382E+00  0.9260E+00  0.1214E+00 -0.1047E+01
 -0.1875E+00  0.0000E+00  0.1875E+00  0.1214E+00  0.1298E+00 -0.2512E+00
  0.5382E+00  0.1875E+00 -0.7257E+00 -0.1047E+01 -0.2512E+00  0.1299E+01
 
 -------------------------
  0.6538E+00  0.3642E+00 -0.1018E+01 -0.3750E+00 -0.1875E+00  0.5625E+00
  0.3642E+00  0.3642E+00 -0.7284E+00 -0.1875E+00  0.0000E+00  0.1875E+00
 -0.1018E+01 -0.7284E+00  0.1746E+01  0.5625E+00  0.1875E+00 -0.7500E+00
 -0.3750E+00 -0.1875E+00  0.5625E+00  0.9902E+00  0.1214E+00 -0.1112E+01
 -0.1875E+00  0.0000E+00  0.1875E+00  0.1214E+00  0.1214E+00 -0.2428E+00
  0.5625E+00  0.1875E+00 -0.7500E+00 -0.1112E+01 -0.2428E+00  0.1354E+01
 
 -------------------------
  0.7025E+00  0.3642E+00 -0.1067E+01 -0.4029E+00 -0.1875E+00  0.5904E+00
  0.3642E+00  0.3389E+00 -0.7031E+00 -0.1875E+00  0.0000E+00  0.1875E+00
 -0.1067E+01 -0.7031E+00  0.1770E+01  0.5904E+00  0.1875E+00 -0.7779E+00
 -0.4029E+00 -0.1875E+00  0.5904E+00  0.1064E+01  0.1214E+00 -0.1185E+01
 -0.1875E+00  0.0000E+00  0.1875E+00  0.1214E+00  0.1130E+00 -0.2344E+00
  0.5904E+00  0.1875E+00 -0.7779E+00 -0.1185E+01 -0.2344E+00  0.1420E+01
 
 -------------------------
  0.7590E+00  0.3642E+00 -0.1123E+01 -0.4353E+00 -0.1875E+00  0.6228E+00
  0.3642E+00  0.3137E+00 -0.6779E+00 -0.1875E+00  0.0000E+00  0.1875E+00
 -0.1123E+01 -0.6779E+00  0.1801E+01  0.6228E+00  0.1875E+00 -0.8103E+00
 -0.4353E+00 -0.1875E+00  0.6228E+00  0.1150E+01  0.1214E+00 -0.1271E+01
 -0.1875E+00  0.0000E+00  0.1875E+00  0.1214E+00  0.1046E+00 -0.2260E+00
  0.6228E+00  0.1875E+00 -0.8103E+00 -0.1271E+01 -0.2260E+00  0.1497E+01
 
 -------------------------
  0.8254E+00  0.3642E+00 -0.1190E+01 -0.4734E+00 -0.1875E+00  0.6609E+00
  0.3642E+00  0.2885E+00 -0.6526E+00 -0.1875E+00  0.0000E+00  0.1875E+00
 -0.1190E+01 -0.6526E+00  0.1842E+01  0.6609E+00  0.1875E+00 -0.8484E+00
 -0.4734E+00 -0.1875E+00  0.6609E+00  0.1250E+01  0.1214E+00 -0.1372E+01
 -0.1875E+00  0.0000E+00  0.1875E+00  0.1214E+00  0.9615E-01 -0.2175E+00
  0.6609E+00  0.1875E+00 -0.8484E+00 -0.1372E+01 -0.2175E+00  0.1589E+01
 
 -------------------------
  0.9046E+00  0.3642E+00 -0.1269E+01 -0.5188E+00 -0.1875E+00  0.7063E+00
  0.3642E+00  0.2632E+00 -0.6274E+00 -0.1875E+00  0.0000E+00  0.1875E+00
 -0.1269E+01 -0.6274E+00  0.1896E+01  0.7063E+00  0.1875E+00 -0.8938E+00
 -0.5188E+00 -0.1875E+00  0.7063E+00  0.1370E+01  0.1214E+00 -0.1491E+01
 -0.1875E+00  0.0000E+00  0.1875E+00  0.1214E+00  0.8774E-01 -0.2091E+00
  0.7063E+00  0.1875E+00 -0.8938E+00 -0.1491E+01 -0.2091E+00  0.1701E+01
 
 -------------------------
  0.1000E+01  0.3642E+00 -0.1365E+01 -0.5739E+00 -0.1875E+00  0.7614E+00
  0.3642E+00  0.2380E+00 -0.6022E+00 -0.1875E+00  0.0000E+00  0.1875E+00
 -0.1365E+01 -0.6022E+00  0.1967E+01  0.7614E+00  0.1875E+00 -0.9489E+00
 -0.5739E+00 -0.1875E+00  0.7614E+00  0.1515E+01  0.1214E+00 -0.1637E+01
 -0.1875E+00  0.0000E+00  0.1875E+00  0.1214E+00  0.7933E-01 -0.2007E+00
  0.7614E+00  0.1875E+00 -0.9489E+00 -0.1637E+01 -0.2007E+00  0.1837E+01
 
 -------------------------
  0.1119E+01  0.3642E+00 -0.1483E+01 -0.6419E+00 -0.1875E+00  0.8294E+00
  0.3642E+00  0.2127E+00 -0.5769E+00 -0.1875E+00  0.0000E+00  0.1875E+00
 -0.1483E+01 -0.5769E+00  0.2060E+01  0.8294E+00  0.1875E+00 -0.1017E+01
 -0.6419E+00 -0.1875E+00  0.8294E+00  0.1695E+01  0.1214E+00 -0.1816E+01
 -0.1875E+00  0.0000E+00  0.1875E+00  0.1214E+00  0.7091E-01 -0.1923E+00
  0.8294E+00  0.1875E+00 -0.1017E+01 -0.1816E+01 -0.1923E+00  0.2009E+01
 
 -------------------------
  0.4273E+00  0.3389E+00 -0.7663E+00 -0.2465E+00 -0.1875E+00  0.4340E+00
  0.3389E+00  0.5156E+00 -0.8546E+00 -0.1875E+00  0.0000E+00  0.1875E+00
 -0.7663E+00 -0.8546E+00  0.1621E+01  0.4340E+00  0.1875E+00 -0.6215E+00
 -0.2465E+00 -0.1875E+00  0.4340E+00  0.6879E+00  0.1130E+00 -0.8009E+00
 -0.1875E+00  0.0000E+00  0.1875E+00  0.1130E+00  0.1719E+00 -0.2849E+00
  0.4340E+00  0.1875E+00 -0.6215E+00 -0.8009E+00 -0.2849E+00  0.1086E+01
 
 -------------------------
  0.4493E+00  0.3389E+00 -0.7883E+00 -0.2592E+00 -0.1875E+00  0.4467E+00
  0.3389E+00  0.4904E+00 -0.8293E+00 -0.1875E+00  0.0000E+00  0.1875E+00
 -0.7883E+00 -0.8293E+00  0.1618E+01  0.4467E+00  0.1875E+00 -0.6342E+00
 -0.2592E+00 -0.1875E+00  0.4467E+00  0.7233E+00  0.1130E+00 -0.8363E+00
 -0.1875E+00  0.0000E+00  0.1875E+00  0.1130E+00  0.1635E+00 -0.2764E+00
  0.4467E+00  0.1875E+00 -0.6342E+00 -0.8363E+00 -0.2764E+00  0.1113E+01
 
 -------------------------
  0.4737E+00  0.3389E+00 -0.8127E+00 -0.2733E+00 -0.1875E+00  0.4608E+00
  0.3389E+00  0.4651E+00 -0.8041E+00 -0.1875E+00  0.0000E+00  0.1875E+00
 -0.8127E+00 -0.8041E+00  0.1617E+01  0.4608E+00  0.1875E+00 -0.6483E+00
 -0.2733E+00 -0.1875E+00  0.4608E+00  0.7626E+00  0.1130E+00 -0.8755E+00
 -0.1875E+00  0.0000E+00  0.1875E+00  0.1130E+00  0.1550E+00 -0.2680E+00
  0.4608E+00  0.1875E+00 -0.6483E+00 -0.8755E+00 -0.2680E+00  0.1144E+01
 
 -------------------------
  0.5009E+00  0.3389E+00 -0.8398E+00 -0.2889E+00 -0.1875E+00  0.4764E+00
  0.3389E+00  0.4399E+00 -0.7788E+00 -0.1875E+00  0.0000E+00  0.1875E+00
 -0.8398E+00 -0.7788E+00  0.1619E+01  0.4764E+00  0.1875E+00 -0.6639E+00
 -0.2889E+00 -0.1875E+00  0.4764E+00  0.8063E+00  0.1130E+00 -0.9193E+00
 -0.1875E+00  0.0000E+00  0.1875E+00  0.1130E+00  0.1466E+00 -0.2596E+00
  0.4764E+00  0.1875E+00 -0.6639E+00 -0.9193E+00 -0.2596E+00  0.1179E+01
 
 -------------------------
  0.5314E+00  0.3389E+00 -0.8703E+00 -0.3065E+00 -0.1875E+00  0.4940E+00
  0.3389E+00  0.4147E+00 -0.7536E+00 -0.1875E+00  0.0000E+00  0.1875E+00
 -0.8703E+00 -0.7536E+00  0.1624E+01  0.4940E+00  0.1875E+00 -0.6815E+00
 -0.3065E+00 -0.1875E+00  0.4940E+00  0.8554E+00  0.1130E+00 -0.9684E+00
 -0.1875E+00  0.0000E+00  0.1875E+00  0.1130E+00  0.1382E+00 -0.2512E+00
  0.4940E+00  0.1875E+00 -0.6815E+00 -0.9684E+00 -0.2512E+00  0.1220E+01
 
 -------------------------
  0.5658E+00  0.3389E+00 -0.9048E+00 -0.3264E+00 -0.1875E+00  0.5139E+00
  0.3389E+00  0.3894E+00 -0.7284E+00 -0.1875E+00  0.0000E+00  0.1875E+00
 -0.9048E+00 -0.7284E+00  0.1633E+01  0.5139E+00  0.1875E+00 -0.7014E+00
 -0.3264E+00 -0.1875E+00  0.5139E+00  0.9108E+00  0.1130E+00 -0.1024E+01
 -0.1875E+00  0.0000E+00  0.1875E+00  0.1130E+00  0.1298E+00 -0.2428E+00
  0.5139E+00  0.1875E+00 -0.7014E+00 -0.1024E+01 -0.2428E+00  0.1267E+01
 
 -------------------------
